version https://git-lfs.github.com/spec/v1
oid sha256:1b17f7505c55c7a2f8816d95b314e1bf6af46c742535558351996d5c72b4cd3e
size 557260
